750
1
28
120
285 726
249 452
49 249
105 995
44 169
169 751
751 781
61 392
392 675
20 91
2 20
111
423
756
157 620
401 760
130 401
71 511
511 689
11
298
19
391
241
329
347
534 857
481 534
146 481
158 665
118 195
195 982
40 183
183 840
57 344
344 443
836
225
179
165 735
137 447
447 915
113
242 422
422 835
359 525
101 847
168 740
597
88 795
15 88
6 15
261
472
302
367
386 662
128 386
331 988
336 371
441
775
22
9
60
197
654
109
820
181
51 262
8 51
0 8
62
576
3
387
138 458
182 873
97 814
682
124 243
416
339 414
58 339
461 947
143 461
65 409
320
102 894
894 961
501 664
90
314
4
167
799
265
70
513 695
147 513
217
133 415
588
200 993
123 200
370
31 108
108 150
150 522
224 327
327 977
977 979
68 471
743
73
931
601 758
117 155
87
211
38
203
21
860
5
652
645
35
358
233
253 455
134 438
438 891
37 162
162 714
643 967
383 643
231 383
207 231
507
430
333
375 612
418 825
607 774
262 494
494 573
923
323
7
286
78
442
172 813
887
126 256
256 482
543 866
72 543
629
626
893
12 27
27 94
94 796
661 710
84 661
103
294
291 800
800 897
64 408
159
297 832
509
557
324 956
468
160 670
670 789
789 868
437 903
903 909
178
279
145
768
153 524
524 805
227 376
376 625
407 801
338 407
216
609 818
496 609
272
301
488
736
316
889
288 765
906
48
688
599 715
23
567
596
251
663
480
222
514
92
116 153
729
746
353 490
490 547
547 920
16
36 114
559
477
318 912
223 318
303
148
245
210
406
446
89
300
393
328
228
466 984
66 469
469 474
478 528
528 763
763 806
77
25
602
29
295 808
259 537
537 879
396
67 470
190 929
630 838
46 204
289 770
54 289
205
76 615
79 553
553 952
432 853
284
80 581
581 651
315
136
17
199 991
280 716
783 824
483
154
252 454
144 475
196
619 834
82 619
436
131 413
305
236 394
214 236
307 858
221 307
313
129 402
81
450
281
55 341
348
439
918 940
697 918
398 697
166
296
479
50
452 937
638
325
644
309
536
34
275
497
571 585
365 571
457
96 797
188 885
885 928
385 653
125
951
570
127
104 861
334
356
933
368 583
226 368
74
100
826
493
551
173 817
499
723
627
849
964
605
41
433
633 949
176
614
39
465 953
360
473
364
733
550
99 837
674 816
269 674
411
503 624
152 617
304 881
218 304
463
566 579
579 595
247
255
855
270 701
701 934
187
946 968
943 946
552 943
962
460
784
161 686
686 911
13
606
59 372
287
175 846
939
273 703
708
886
803
312
43
246 424
191 960
209
777
812
487 566
739
98
140
63
505
189
724
201
121
174
704
564 582
669
865
335 345
435
268
516
47 242
556
139
802
149
532
877
260
24
761
352
45
405 794
32 118
610
603 769
719
440
337 388
807
574
508
539
419 833
831
229
14
106
202
562 973
363 562
706
888
702
648
292
266 544
677
427 841
86 744
431
712
498 622
815
355 518
518 737
533
728
254
277
361
778
332
213
238 410
319
220
745
451
578 590
590 684
684 882
584
412
56
593
110
293
884 910
734
75
616
755
184
83
230
681 871
510 681
164
311
132
112
177
485
921
809
589 711
821
278
219
741
611
235
519
720 731
959
421
141
994
193
636 965
936
678
747
668 759
658
502
623
397
950
908
186
276
42
491
107
212
526
240
299
192
561
647
500
924
650
753 793
600 753
963
779
587 657
732
283
637 996
428 862
560
771
448
389
232
317
357
351
258
656
342
362
142
404
546
282
267
692
274
377
346
378
575
970
456
467
194
425
374
349
180 856
942
381
848
531
649
489
549
540
555
541
823
844
420
594
830
721 990
85 721
804
434 872
569
515
850
899
239
679
819
366 572
369
486
170
530
380
687
326
902 904
667
608 810
462
707
738
635 958
429
788 828
215 270
634 957
520
867
767
863
538
122
671
776
655
632 930
878
829
827
722
978
592
842
613
727
400
641
992
506
725
907
208
852
604
713
742
399 705
640
718
354
905
591
791
757
504
631 876
786
565
854
379
851
843
453
754
926
694
554
785
901 981
981 985
969
340
859
248 444
772
874
646
660 709
975
766
890
811
896
730
308
33
135
944
787
691
875
845
922
880
639
986
792
997
864
869
998
917
642
53 263
680
987
621
693
672
839
790
690
976
748
69 521
954
972
900
764
955
780
822
870
989
895
913
914
925
935
938
948
966
983
971
322 932
699 919
700 927
750 773
